//FAN CHQ8BT7096T DIP SWITCHES ALL UP OR 1111 Note: light only dims to 20%

uint16_t lightOffFanOff[44] = {327,327,666,327,666,327,666,327,666,327,666,327,666,327,666,327,666,327,666,327,666,327,666,327,666,327,666,327,666,327,666,327,666,327,666,327,666,327,666,327,666,327,666,10031};
uint16_t lightOffFanLow[44] = {329,329,663,329,663,329,663,329,663,329,663,329,663,329,663,329,663,329,663,329,663,329,663,329,663,329,663,329,663,663,329,663,329,329,663,329,663,329,663,663,329,663,329,10076};
uint16_t lightOffFanMed[44] = {329,329,664,329,664,329,664,329,664,329,664,329,664,329,664,329,664,329,664,329,664,329,664,329,664,329,664,329,664,664,329,329,664,329,664,329,664,329,664,664,329,329,664,10038};
uint16_t lightOffFanHigh[44] = {329,329,663,329,663,329,663,329,663,329,663,329,663,329,663,329,663,329,663,329,663,329,663,329,663,329,663,329,663,329,663,663,329,329,663,329,663,329,663,329,663,663,329,10048};
uint16_t light20FanOff[44] = {330,330,663,330,663,330,663,330,663,330,663,330,663,330,663,330,663,663,330,330,663,663,330,330,663,330,663,663,330,330,663,330,663,330,663,663,330,663,330,663,330,330,663,10042};
uint16_t light20FanLow[44] = {330,330,663,330,663,330,663,330,663,330,663,330,663,330,663,330,663,663,330,330,663,663,330,330,663,330,663,663,330,663,330,663,330,330,663,330,663,330,663,330,663,663,330,10042};
uint16_t light20FanMed[44] = {330,330,664,330,664,330,664,330,664,330,664,330,664,330,664,330,664,664,330,330,664,664,330,330,664,330,664,664,330,664,330,330,664,330,664,330,664,330,664,330,664,330,664,10037};
uint16_t light20FanHigh[44] = {330,330,663,330,663,330,663,330,663,330,663,330,663,330,663,330,663,663,330,330,663,663,330,330,663,330,663,663,330,330,663,663,330,330,663,663,330,663,330,663,330,663,330,10043};
uint16_t light30FanOff[44] = {330,330,664,330,664,330,664,330,664,330,664,330,664,330,664,330,664,664,330,330,664,330,664,664,330,330,664,330,664,330,664,330,664,330,664,664,330,330,664,330,664,664,330,10038};
uint16_t light30FanLow[44] = {330,330,663,330,663,330,663,330,663,330,663,330,663,330,663,330,663,663,330,330,663,330,663,663,330,330,663,330,663,663,330,663,330,330,663,663,330,663,330,330,663,330,663,10050};
uint16_t light30FanMed[44] = {330,330,663,330,663,330,663,330,663,330,663,330,663,330,663,330,663,663,330,330,663,330,663,663,330,330,663,330,663,663,330,330,663,330,663,663,330,330,663,663,330,663,330,10042};
uint16_t light30FanHigh[44] = {330,330,663,330,663,330,663,330,663,330,663,330,663,330,663,330,663,663,330,330,663,330,663,663,330,330,663,330,663,330,663,663,330,330,663,663,330,330,663,663,330,330,663,10044};
uint16_t light40FanOff[44] = {330,330,663,330,663,330,663,330,663,330,663,330,663,330,663,330,663,330,663,663,330,663,330,663,330,663,330,663,330,330,663,330,663,330,663,330,663,330,663,663,330,663,330,10057};
uint16_t light40FanLow[44] = {331,331,663,331,663,331,663,331,663,331,663,331,663,331,663,331,663,331,663,663,331,663,331,663,331,663,331,663,331,663,331,663,331,331,663,331,663,663,331,663,331,331,663,10050};
uint16_t light40FanMed[44] = {330,330,663,330,663,330,663,330,663,330,663,330,663,330,663,330,663,330,663,663,330,663,330,663,330,663,330,663,330,663,330,330,663,330,663,330,663,663,330,330,663,663,330,10042};
uint16_t light40FanHigh[44] = {330,330,663,330,663,330,663,330,663,330,663,330,663,330,663,330,663,330,663,663,330,663,330,663,330,663,330,663,330,330,663,663,330,330,663,330,663,663,330,330,663,330,663,10044};
uint16_t light50FanOff[44] = {330,330,663,330,663,330,663,330,663,330,663,330,663,330,663,330,663,330,663,663,330,663,330,330,663,663,330,330,663,330,663,330,663,330,663,663,330,663,330,663,330,330,663,10051};
uint16_t light50FanLow[44] = {330,330,663,330,663,330,663,330,663,330,663,330,663,330,663,330,663,330,663,663,330,663,330,330,663,663,330,330,663,663,330,663,330,330,663,330,663,330,663,330,663,663,330,10034};
uint16_t light50FanMed[44] = {330,330,663,330,663,330,663,330,663,330,663,330,663,330,663,330,663,330,663,663,330,663,330,330,663,663,330,330,663,663,330,330,663,330,663,330,663,330,663,330,663,330,663,10036};
uint16_t light50FanHigh[44] = {330,330,663,330,663,330,663,330,663,330,663,330,663,330,663,330,663,330,663,663,330,663,330,330,663,663,330,330,663,330,663,663,330,330,663,663,330,663,330,663,330,663,330,10045};
uint16_t light60FanOff[44] = {330,330,663,330,663,330,663,330,663,330,663,330,663,330,663,330,663,330,663,663,330,330,663,663,330,330,663,663,330,330,663,330,663,330,663,663,330,330,663,330,663,663,330,10041};
uint16_t light60FanLow[44] = {330,330,663,330,663,330,663,330,663,330,663,330,663,330,663,330,663,330,663,663,330,330,663,663,330,330,663,663,330,663,330,663,330,330,663,663,330,663,330,330,663,330,663,10038};
uint16_t light60FanMed[44] = {330,330,663,330,663,330,663,330,663,330,663,330,663,330,663,330,663,330,663,663,330,330,663,663,330,330,663,663,330,663,330,330,663,330,663,663,330,330,663,663,330,663,330,10034};
uint16_t light60FanHigh[44] = {330,330,663,330,663,330,663,330,663,330,663,330,663,330,663,330,663,330,663,663,330,330,663,663,330,330,663,663,330,330,663,663,330,330,663,663,330,330,663,663,330,330,663,10047};
uint16_t light70FanOff[44] = {329,329,664,329,664,329,664,329,664,329,664,329,664,329,664,329,664,329,664,664,329,329,664,329,664,329,664,329,664,329,664,329,664,329,664,329,664,664,329,329,664,329,664,10052};
uint16_t light70FanLow[44] = {330,330,663,330,663,330,663,330,663,330,663,330,663,330,663,330,663,330,663,663,330,330,663,330,663,330,663,330,663,663,330,663,330,330,663,330,663,663,330,663,330,663,330,10037};
uint16_t light70FanMed[44] = {329,329,663,329,663,329,663,329,663,329,663,329,663,329,663,329,663,329,663,663,329,329,663,329,663,329,663,329,663,663,329,329,663,329,663,329,663,663,329,663,329,329,663,10050};
uint16_t light70FanHigh[44] = {329,329,663,329,663,329,663,329,663,329,663,329,663,329,663,329,663,329,663,663,329,329,663,329,663,329,663,329,663,329,663,663,329,329,663,329,663,663,329,329,663,663,329,10041};
uint16_t light80FanOff[44] = {330,330,663,330,663,330,663,330,663,330,663,330,663,330,663,330,663,330,663,330,663,663,330,330,663,663,330,663,330,330,663,330,663,330,663,663,330,663,330,663,330,330,663,10039};
uint16_t light80FanLow[44] = {330,330,663,330,663,330,663,330,663,330,663,330,663,330,663,330,663,330,663,330,663,663,330,330,663,663,330,663,330,663,330,663,330,330,663,330,663,330,663,330,663,663,330,10045};
uint16_t light80FanMed[44] = {330,330,663,330,663,330,663,330,663,330,663,330,663,330,663,330,663,330,663,330,663,663,330,330,663,663,330,663,330,663,330,330,663,330,663,330,663,330,663,330,663,330,663,10037};
uint16_t light80FanHigh[44] = {330,330,663,330,663,330,663,330,663,330,663,330,663,330,663,330,663,330,663,330,663,663,330,330,663,663,330,663,330,330,663,663,330,330,663,663,330,663,330,663,330,663,330,10033};
uint16_t light90FanOff[44] = {330,330,663,330,663,330,663,330,663,330,663,330,663,330,663,330,663,330,663,330,663,330,663,663,330,663,330,330,663,330,663,330,663,330,663,663,330,330,663,330,663,663,330,10038};
uint16_t light90FanLow[44] = {330,330,663,330,663,330,663,330,663,330,663,330,663,330,663,330,663,330,663,330,663,330,663,663,330,663,330,330,663,663,330,663,330,330,663,663,330,663,330,330,663,330,663,10043};
uint16_t light90FanMed[44] = {330,330,663,330,663,330,663,330,663,330,663,330,663,330,663,330,663,330,663,330,663,330,663,663,330,663,330,330,663,663,330,330,663,330,663,663,330,330,663,663,330,663,330,10047};
uint16_t light90FanHigh[44] = {330,330,663,330,663,330,663,330,663,330,663,330,663,330,663,330,663,330,663,330,663,330,663,663,330,663,330,330,663,330,663,663,330,330,663,663,330,330,663,663,330,330,663,10051};
uint16_t light100FanOff[44] = {329,329,664,329,664,329,664,329,664,329,664,329,664,329,664,329,664,329,664,329,664,329,664,329,664,329,664,664,329,329,664,329,664,329,664,329,664,664,329,329,664,329,664,10057};
uint16_t light100FanLow[44] = {330,330,663,330,663,330,663,330,663,330,663,330,663,330,663,330,663,330,663,330,663,330,663,330,663,330,663,663,330,663,330,663,330,330,663,330,663,663,330,663,330,663,330,10043};
uint16_t light100FanMed[44] = {330,330,663,330,663,330,663,330,663,330,663,330,663,330,663,330,663,330,663,330,663,330,663,330,663,330,663,663,330,663,330,330,663,330,663,330,663,663,330,663,330,330,663,10034};
uint16_t light100FanHigh[44] = {330,330,663,330,663,330,663,330,663,330,663,330,663,330,663,330,663,330,663,330,663,330,663,330,663,330,663,663,330,330,663,663,330,330,663,330,663,663,330,330,663,663,330,10038};
