//FAN CHQ8BT7096T DIP SWITCHES UP,DN,UP,UP OR 1011

uint16_t lightOffFanOff[44] = {329,329,664,329,664,329,664,329,664,329,664,664,329,329,664,329,664,329,664,329,664,329,664,329,664,329,664,329,664,329,664,329,664,329,664,329,664,664,329,329,664,329,664,10044};
uint16_t lightOffFanLow[44] = {330,330,663,330,663,330,663,330,663,330,663,663,330,330,663,330,663,330,663,330,663,330,663,330,663,330,663,330,663,663,330,663,330,330,663,330,663,663,330,663,330,663,330,10028};
uint16_t lightOffFanMed[44] = {329,329,663,329,663,329,663,329,663,329,663,663,329,329,663,329,663,329,663,329,663,329,663,329,663,329,663,329,663,663,329,329,663,329,663,329,663,663,329,663,329,329,663,10028};
uint16_t lightOffFanHigh[44] = {329,329,663,329,663,329,663,329,663,329,663,663,329,329,663,329,663,329,663,329,663,329,663,329,663,329,663,329,663,329,663,663,329,329,663,329,663,663,329,329,663,663,329,10026};
uint16_t light20FanOff[44] = {330,330,663,330,663,330,663,330,663,330,663,663,330,330,663,330,663,663,330,330,663,663,330,330,663,330,663,663,330,330,663,330,663,330,663,330,663,330,663,663,330,330,663,10051};
uint16_t light20FanLow[44] = {330,330,663,330,663,330,663,330,663,330,663,663,330,330,663,330,663,663,330,330,663,663,330,330,663,330,663,663,330,663,330,663,330,330,663,330,663,663,330,330,663,663,330,10045};
uint16_t light20FanMed[44] = {330,330,663,330,663,330,663,330,663,330,663,663,330,330,663,330,663,663,330,330,663,663,330,330,663,330,663,663,330,663,330,330,663,330,663,330,663,663,330,330,663,330,663,10041};
uint16_t light20FanHigh[44] = {330,330,663,330,663,330,663,330,663,330,663,663,330,330,663,330,663,663,330,330,663,663,330,330,663,330,663,663,330,330,663,663,330,330,663,330,663,330,663,663,330,663,330,10041};
uint16_t light30FanOff[44] = {330,330,663,330,663,330,663,330,663,330,663,663,330,330,663,330,663,663,330,330,663,330,663,663,330,330,663,330,663,330,663,330,663,330,663,663,330,663,330,330,663,663,330,10041};
uint16_t light30FanLow[44] = {330,330,663,330,663,330,663,330,663,330,663,663,330,330,663,330,663,663,330,330,663,330,663,663,330,330,663,330,663,663,330,663,330,330,663,330,663,330,663,330,663,330,663,10053};
uint16_t light30FanMed[44] = {330,330,663,330,663,330,663,330,663,330,663,663,330,330,663,330,663,663,330,330,663,330,663,663,330,330,663,330,663,663,330,330,663,330,663,663,330,663,330,663,330,663,330,10041};
uint16_t light30FanHigh[44] = {330,330,663,330,663,330,663,330,663,330,663,663,330,330,663,330,663,663,330,330,663,330,663,663,330,330,663,330,663,330,663,663,330,330,663,663,330,663,330,663,330,330,663,10034};
uint16_t light40FanOff[44] = {331,331,662,331,662,331,662,331,662,331,662,662,331,331,662,331,662,331,662,662,331,662,331,662,331,662,331,662,331,331,662,331,662,331,662,331,662,662,331,662,331,662,331,10036};
uint16_t light40FanLow[44] = {331,331,662,331,662,331,662,331,662,331,662,662,331,331,662,331,662,331,662,662,331,662,331,662,331,662,331,662,331,662,331,662,331,331,662,662,331,331,662,662,331,331,662,10041};
uint16_t light40FanMed[44] = {331,331,662,331,662,331,662,331,662,331,662,662,331,331,662,331,662,331,662,662,331,662,331,662,331,662,331,662,331,662,331,331,662,331,662,662,331,331,662,331,662,662,331,10041};
uint16_t light40FanHigh[44] = {330,330,663,330,663,330,663,330,663,330,663,663,330,330,663,330,663,330,663,663,330,663,330,663,330,663,330,663,330,330,663,663,330,330,663,663,330,330,663,330,663,330,663,10053};
uint16_t light50FanOff[44] = {330,330,663,330,663,330,663,330,663,330,663,663,330,330,663,330,663,330,663,663,330,663,330,330,663,663,330,330,663,330,663,330,663,330,663,330,663,330,663,663,330,330,663,10041};
uint16_t light50FanLow[44] = {330,330,663,330,663,330,663,330,663,330,663,663,330,330,663,330,663,330,663,663,330,663,330,330,663,663,330,330,663,663,330,663,330,330,663,330,663,663,330,330,663,663,330,10041};
uint16_t light50FanMed[44] = {330,330,663,330,663,330,663,330,663,330,663,663,330,330,663,330,663,330,663,663,330,663,330,330,663,663,330,330,663,663,330,330,663,330,663,330,663,663,330,330,663,330,663,10048};
uint16_t light50FanHigh[44] = {330,330,663,330,663,330,663,330,663,330,663,663,330,330,663,330,663,330,663,663,330,663,330,330,663,663,330,330,663,330,663,663,330,330,663,330,663,330,663,663,330,663,330,10052};
uint16_t light60FanOff[44] = {330,330,663,330,663,330,663,330,663,330,663,663,330,330,663,330,663,330,663,663,330,330,663,663,330,330,663,663,330,330,663,330,663,330,663,663,330,663,330,330,663,663,330,10039};
uint16_t light60FanLow[44] = {330,330,663,330,663,330,663,330,663,330,663,663,330,330,663,330,663,330,663,663,330,330,663,663,330,330,663,663,330,663,330,663,330,330,663,330,663,330,663,330,663,330,663,10034};
uint16_t light60FanMed[44] = {331,331,662,331,662,331,662,331,662,331,662,662,331,331,662,331,662,331,662,662,331,331,662,662,331,331,662,662,331,662,331,331,662,331,662,662,331,662,331,662,331,662,331,10039};
uint16_t light60FanHigh[44] = {330,330,663,330,663,330,663,330,663,330,663,663,330,330,663,330,663,330,663,663,330,330,663,663,330,330,663,663,330,330,663,663,330,330,663,663,330,663,330,663,330,330,663,10056};
uint16_t light70FanOff[44] = {329,329,664,329,664,329,664,329,664,329,664,664,329,329,664,329,664,329,664,664,329,329,664,329,664,329,664,329,664,329,664,329,664,329,664,664,329,329,664,329,664,329,664,10039};
uint16_t light70FanLow[44] = {330,330,663,330,663,330,663,330,663,330,663,663,330,330,663,330,663,330,663,663,330,330,663,330,663,330,663,330,663,663,330,663,330,330,663,663,330,330,663,663,330,663,330,10039};
uint16_t light70FanMed[44] = {330,330,663,330,663,330,663,330,663,330,663,663,330,330,663,330,663,330,663,663,330,330,663,330,663,330,663,330,663,663,330,330,663,330,663,663,330,330,663,663,330,330,663,10049};
uint16_t light70FanHigh[44] = {330,330,663,330,663,330,663,330,663,330,663,663,330,330,663,330,663,330,663,663,330,330,663,330,663,330,663,330,663,330,663,663,330,330,663,663,330,330,663,330,663,663,330,10049};
uint16_t light80FanOff[44] = {330,330,663,330,663,330,663,330,663,330,663,663,330,330,663,330,663,330,663,330,663,663,330,330,663,663,330,663,330,330,663,330,663,330,663,330,663,330,663,663,330,330,663,10047};
uint16_t light80FanLow[44] = {330,330,663,330,663,330,663,330,663,330,663,663,330,330,663,330,663,330,663,330,663,663,330,330,663,663,330,663,330,663,330,663,330,330,663,330,663,663,330,330,663,663,330,10049};
uint16_t light80FanMed[44] = {330,330,663,330,663,330,663,330,663,330,663,663,330,330,663,330,663,330,663,330,663,663,330,330,663,663,330,663,330,663,330,330,663,330,663,330,663,663,330,330,663,330,663,10047};
uint16_t light80FanHigh[44] = {330,330,663,330,663,330,663,330,663,330,663,663,330,330,663,330,663,330,663,330,663,663,330,330,663,663,330,663,330,330,663,663,330,330,663,330,663,330,663,663,330,663,330,10045};
uint16_t light90FanOff[44] = {330,330,663,330,663,330,663,330,663,330,663,663,330,330,663,330,663,330,663,330,663,330,663,663,330,663,330,330,663,330,663,330,663,330,663,663,330,663,330,330,663,663,330,10054};
uint16_t light90FanLow[44] = {330,330,663,330,663,330,663,330,663,330,663,663,330,330,663,330,663,330,663,330,663,330,663,663,330,663,330,330,663,663,330,663,330,330,663,330,663,330,663,330,663,330,663,10034};
uint16_t light90FanMed[44] = {330,330,663,330,663,330,663,330,663,330,663,663,330,330,663,330,663,330,663,330,663,330,663,663,330,663,330,330,663,663,330,330,663,330,663,663,330,663,330,663,330,663,330,10037};
uint16_t light90FanHigh[44] = {330,330,663,330,663,330,663,330,663,330,663,663,330,330,663,330,663,330,663,330,663,330,663,663,330,663,330,330,663,330,663,663,330,330,663,663,330,663,330,663,330,330,663,10043};
uint16_t light100FanOff[44] = {329,329,664,329,664,329,664,329,664,329,664,664,329,329,664,329,664,329,664,329,664,329,664,329,664,329,664,664,329,329,664,329,664,329,664,664,329,329,664,329,664,329,664,10041};
uint16_t light100FanLow[44] = {330,330,663,330,663,330,663,330,663,330,663,663,330,330,663,330,663,330,663,330,663,330,663,330,663,330,663,663,330,663,330,663,330,330,663,663,330,330,663,663,330,663,330,10045};
uint16_t light100FanMed[44] = {330,330,663,330,663,330,663,330,663,330,663,663,330,330,663,330,663,330,663,330,663,330,663,330,663,330,663,663,330,663,330,330,663,330,663,663,330,330,663,663,330,330,663,10043};
uint16_t light100FanHigh[44] = {330,330,663,330,663,330,663,330,663,330,663,663,330,330,663,330,663,330,663,330,663,330,663,330,663,330,663,663,330,330,663,663,330,330,663,663,330,330,663,330,663,663,330,10045};
